     K07A30E  C2014 07 10.18057 20 59 57.24 -13 24 55.3          20.9 R      950
     K07A30E  C2014 07 10.18250 20 59 57.18 -13 24 55.9          20.8 R      950
     K07A30E  C2014 07 10.18442 20 59 57.10 -13 24 56.5          20.8 R      950
     K07A30E  C2014 07 10.18634 20 59 57.05 -13 24 57.2          20.8 R      950
     K07A30E  C2014 07 10.18828 20 59 56.97 -13 24 57.6          20.1 R      950
     K07A30E  C2014 07 10.19020 20 59 56.90 -13 24 58.4          20.8 R      950

A6656         C2014 07 10.18057 20 59 49.26 -13 25 17.1          18.1 R      950
A6656         C2014 07 10.18250 20 59 49.19 -13 25 18.1          18.1 R      950
A6656         C2014 07 10.18442 20 59 49.12 -13 25 19.1          18.1 R      950
A6656         C2014 07 10.18634 20 59 49.07 -13 25 19.9          18.0 R      950
A6656         C2014 07 10.18828 20 59 48.99 -13 25 20.7          18.0 R      950
A6656         C2014 07 10.19020 20 59 48.92 -13 25 21.7          18.1 R      950

T3304         C2014 07 10.18057 20 59 57.20 -13 23 41.4          20.4 R      950
T3304         C2014 07 10.18250 20 59 57.14 -13 23 42.0          20.4 R      950
T3304         C2014 07 10.18442 20 59 57.08 -13 23 42.3          20.4 R      950
T3304         C2014 07 10.18634 20 59 57.01 -13 23 42.6          20.3 R      950
T3304         C2014 07 10.18828 20 59 56.93 -13 23 43.0          20.4 R      950
T3304         C2014 07 10.19020 20 59 56.86 -13 23 43.4          20.4 R      950

10233         C2014 07 10.18057 20 58 26.02 -13 23 57.1          16.6 R      950
10233         C2014 07 10.18250 20 58 25.95 -13 23 57.2          16.6 R      950
10233         C2014 07 10.18442 20 58 25.87 -13 23 57.5          16.6 R      950
10233         C2014 07 10.18634 20 58 25.81 -13 23 57.8          16.5 R      950
10233         C2014 07 10.18828 20 58 25.74 -13 23 58.1          16.6 R      950
10233         C2014 07 10.19020 20 58 25.65 -13 23 58.4          16.6 R      950

P7538         C2014 07 10.18057 20 58 31.10 -13 12 22.5          20.6 R      950
P7538         C2014 07 10.18250 20 58 31.01 -13 12 22.8          20.8 R      950
P7538         C2014 07 10.18442 20 58 30.95 -13 12 23.2          20.2 R      950
P7538         C2014 07 10.18634 20 58 30.89 -13 12 23.5          20.6 R      950
P7538         C2014 07 10.18828 20 58 30.81 -13 12 24.0          20.7 R      950
P7538         C2014 07 10.19020 20 58 30.73 -13 12 24.4          20.7 R      950

T9409         C2014 07 10.18250 20 58 16.15 -13 18 17.4          20.6 R      950
T9409         C2014 07 10.18442 20 58 16.05 -13 18 17.6          20.2 R      950
T9409         C2014 07 10.18634 20 58 15.97 -13 18 17.9          20.5 R      950
T9409         C2014 07 10.18828 20 58 15.87 -13 18 18.0          20.6 R      950
T9409         C2014 07 10.19020 20 58 15.78 -13 18 18.3          20.2 R      950

U6533         C2014 07 10.18057 20 58 10.97 -13 20 42.9          20.2 R      950
U6533         C2014 07 10.18250 20 58 10.88 -13 20 42.7          20.2 R      950
U6533         C2014 07 10.18442 20 58 10.78 -13 20 42.6          20.1 R      950
U6533         C2014 07 10.18634 20 58 10.71 -13 20 42.3          20.1 R      950
U6533         C2014 07 10.18828 20 58 10.61 -13 20 42.3          20.1 R      950
U6533         C2014 07 10.19020 20 58 10.51 -13 20 42.2          20.2 R      950

     K10GF3G  C2014 07 10.18250 20 59 18.17 -13 01 12.6          21.0 R      950
     K10GF3G  C2014 07 10.18442 20 59 18.06 -13 01 13.1          21.5 R      950
     K10GF3G  C2014 07 10.18634 20 59 18.00 -13 01 13.5          21.3 R      950
     K10GF3G  C2014 07 10.18828 20 59 17.92 -13 01 13.8          21.3 R      950
     K10GF3G  C2014 07 10.19020 20 59 17.83 -13 01 14.3          21.4 R      950

     K13J26C  C2014 07 10.18057 21 00 11.50 -13 04 05.7          20.8 R      950
     K13J26C  C2014 07 10.18250 21 00 11.43 -13 04 06.2          21.2 R      950
     K13J26C  C2014 07 10.18442 21 00 11.35 -13 04 06.8          21.4 R      950
     K13J26C  C2014 07 10.18634 21 00 11.30 -13 04 07.2          21.1 R      950
     K13J26C  C2014 07 10.18828 21 00 11.22 -13 04 07.6          21.1 R      950
     K13J26C  C2014 07 10.19020 21 00 11.15 -13 04 08.2          20.8 R      950

C0508         C2014 07 10.18057 20 59 18.93 -13 09 16.6          20.4 R      950
C0508         C2014 07 10.18250 20 59 18.86 -13 09 16.8          20.5 R      950
C0508         C2014 07 10.18442 20 59 18.79 -13 09 17.2          20.6 R      950
C0508         C2014 07 10.18634 20 59 18.73 -13 09 17.4          20.1 R      950
C0508         C2014 07 10.18828 20 59 18.66 -13 09 17.8          20.5 R      950
C0508         C2014 07 10.19020 20 59 18.58 -13 09 18.1          20.3 R      950

     EURM045  C2014 07 10.18057 21 00 13.11 -13 17 50.7          20.3 R      950
     EURM045  C2014 07 10.18250 21 00 13.02 -13 17 50.3          20.4 R      950
     EURM045  C2014 07 10.18442 21 00 12.93 -13 17 49.7          20.0 R      950
     EURM045  C2014 07 10.18634 21 00 12.85 -13 17 49.3          20.2 R      950
     EURM045  C2014 07 10.18828 21 00 12.75 -13 17 48.7          19.8 R      950
     EURM045  C2014 07 10.19020 21 00 12.66 -13 17 48.1          19.8 R      950

     EURM046  C2014 07 10.18057 20 59 47.86 -13 19 13.3          20.8 R      950
     EURM046  C2014 07 10.18250 20 59 47.79 -13 19 13.2          21.2 R      950
     EURM046  C2014 07 10.18442 20 59 47.69 -13 19 13.3          21.2 R      950
     EURM046  C2014 07 10.18634 20 59 47.63 -13 19 13.5          20.4 R      950
     EURM046  C2014 07 10.18828 20 59 47.55 -13 19 13.3          20.7 R      950
     EURM046  C2014 07 10.19020 20 59 47.47 -13 19 13.5          21.3 R      950

     EURM047  C2014 07 10.18057 20 59 53.00 -13 20 33.0          21.1 R      950
     EURM047  C2014 07 10.18250 20 59 52.93 -13 20 34.4          21.6 R      950
     EURM047  C2014 07 10.18442 20 59 52.84 -13 20 35.9          21.6 R      950
     EURM047  C2014 07 10.18634 20 59 52.78 -13 20 37.1          21.6 R      950
     EURM047  C2014 07 10.18828 20 59 52.72 -13 20 38.6          21.0 R      950
     EURM047  C2014 07 10.19020 20 59 52.61 -13 20 39.6          19.3 R      950

     EURM048  C2014 07 10.18057 21 00 06.87 -13 22 06.0          21.2 R      950
     EURM048  C2014 07 10.18250 21 00 06.80 -13 22 05.9          21.5 R      950
     EURM048  C2014 07 10.18442 21 00 06.70 -13 22 06.5          21.3 R      950
     EURM048  C2014 07 10.18634 21 00 06.63 -13 22 06.6          21.5 R      950
     EURM048  C2014 07 10.18828 21 00 06.55 -13 22 06.9          21.5 R      950
     EURM048  C2014 07 10.19020 21 00 06.45 -13 22 07.4          21.1 R      950

     EURM049  C2014 07 10.18057 21 00 03.40 -13 24 48.2          20.7 R      950
     EURM049  C2014 07 10.18250 21 00 03.33 -13 24 48.6          20.9 R      950
     EURM049  C2014 07 10.18442 21 00 03.26 -13 24 49.0          21.0 R      950
     EURM049  C2014 07 10.18634 21 00 03.20 -13 24 49.5          21.2 R      950
     EURM049  C2014 07 10.18828 21 00 03.12 -13 24 49.7          20.6 R      950
     EURM049  C2014 07 10.19020 21 00 03.03 -13 24 50.2          21.4 R      950

     EURM050  C2014 07 10.18057 20 59 40.05 -13 25 05.8          21.2 R      950
     EURM050  C2014 07 10.18250 20 59 39.99 -13 25 06.1          21.3 R      950
     EURM050  C2014 07 10.18442 20 59 39.90 -13 25 05.9          20.8 R      950
     EURM050  C2014 07 10.18634 20 59 39.86 -13 25 05.8          21.1 R      950
     EURM050  C2014 07 10.18828 20 59 39.76 -13 25 05.8          21.2 R      950
     EURM050  C2014 07 10.19020 20 59 39.68 -13 25 05.7          20.6 R      950

     EURM051  C2014 07 10.18057 20 59 33.34 -13 24 38.2          20.6 R      950
     EURM051  C2014 07 10.18250 20 59 33.28 -13 24 38.5          20.7 R      950
     EURM051  C2014 07 10.18442 20 59 33.21 -13 24 38.8          20.8 R      950
     EURM051  C2014 07 10.18634 20 59 33.16 -13 24 39.0          21.1 R      950
     EURM051  C2014 07 10.18828 20 59 33.08 -13 24 39.5          20.9 R      950
     EURM051  C2014 07 10.19020 20 59 33.00 -13 24 39.6          21.3 R      950

     EURM052  C2014 07 10.18057 20 59 21.40 -13 19 10.9          21.1 R      950
     EURM052  C2014 07 10.18250 20 59 21.28 -13 19 11.6          21.2 R      950
     EURM052  C2014 07 10.18442 20 59 21.21 -13 19 11.6          21.1 R      950
     EURM052  C2014 07 10.18634 20 59 21.14 -13 19 11.9          20.5 R      950
     EURM052  C2014 07 10.18828 20 59 21.06 -13 19 12.2          21.2 R      950
     EURM052  C2014 07 10.19020 20 59 20.94 -13 19 12.5          21.0 R      950

     EURM053  C2014 07 10.18057 20 59 20.49 -13 17 48.7          21.3 R      950
     EURM053  C2014 07 10.18250 20 59 20.41 -13 17 48.6          21.1 R      950
     EURM053  C2014 07 10.18442 20 59 20.31 -13 17 48.7          21.9 R      950
     EURM053  C2014 07 10.18634 20 59 20.23 -13 17 49.0          21.3 R      950
     EURM053  C2014 07 10.18828 20 59 20.14 -13 17 48.6          21.4 R      950
     EURM053  C2014 07 10.19020 20 59 20.05 -13 17 48.7          21.5 R      950

     EURM054  C2014 07 10.18057 20 59 26.86 -13 15 38.6          20.9 R      950
     EURM054  C2014 07 10.18250 20 59 26.82 -13 15 38.8          21.4 R      950
     EURM054  C2014 07 10.18442 20 59 26.71 -13 15 40.0          21.3 R      950
     EURM054  C2014 07 10.18634 20 59 26.64 -13 15 40.6          21.3 R      950
     EURM054  C2014 07 10.18828 20 59 26.58 -13 15 41.1          21.4 R      950
     EURM054  C2014 07 10.19020 20 59 26.50 -13 15 41.9          21.5 R      950

     EURM055  C2014 07 10.18057 20 58 46.32 -13 20 32.3          20.6 R      950
     EURM055  C2014 07 10.18250 20 58 46.24 -13 20 32.2          21.4 R      950
     EURM055  C2014 07 10.18442 20 58 46.14 -13 20 32.6          21.1 R      950
     EURM055  C2014 07 10.18634 20 58 46.07 -13 20 32.8          20.8 R      950
     EURM055  C2014 07 10.18828 20 58 45.99 -13 20 32.5          21.6 R      950
     EURM055  C2014 07 10.19020 20 58 45.89 -13 20 32.5          21.3 R      950

     EURM056  C2014 07 10.18057 20 58 56.61 -13 25 22.2          20.5 R      950
     EURM056  C2014 07 10.18250 20 58 56.52 -13 25 22.8          20.6 R      950
     EURM056  C2014 07 10.18442 20 58 56.46 -13 25 23.5          20.7 R      950
     EURM056  C2014 07 10.18634 20 58 56.39 -13 25 23.8          20.5 R      950
     EURM056  C2014 07 10.18828 20 58 56.32 -13 25 24.7          20.5 R      950
     EURM056  C2014 07 10.19020 20 58 56.22 -13 25 25.4          20.2 R      950

     EURM058  C2014 07 10.18057 20 58 04.83 -13 07 02.4          20.6 R      950
     EURM058  C2014 07 10.18250 20 58 04.74 -13 07 02.3          21.0 R      950
     EURM058  C2014 07 10.18442 20 58 04.64 -13 07 02.2          20.7 R      950
     EURM058  C2014 07 10.18634 20 58 04.57 -13 07 02.3          20.9 R      950
     EURM058  C2014 07 10.18828 20 58 04.46 -13 07 02.3          21.1 R      950
     EURM058  C2014 07 10.19020 20 58 04.37 -13 07 02.3          21.1 R      950

     EURM059  C2014 07 10.18057 20 58 23.10 -13 17 39.2          21.2 R      950
     EURM059  C2014 07 10.18250 20 58 22.99 -13 17 39.2          21.4 R      950
     EURM059  C2014 07 10.18442 20 58 22.89 -13 17 39.5          21.5 R      950
     EURM059  C2014 07 10.18634 20 58 22.85 -13 17 39.5          21.4 R      950
     EURM059  C2014 07 10.18828 20 58 22.77 -13 17 39.4          21.2 R      950
     EURM059  C2014 07 10.19020 20 58 22.70 -13 17 39.5          21.2 R      950

     EURM060  C2014 07 10.18057 21 00 14.92 -13 06 30.7          21.3 R      950
     EURM060  C2014 07 10.18250 21 00 14.83 -13 06 31.4          21.2 R      950
     EURM060  C2014 07 10.18442 21 00 14.77 -13 06 31.7          21.0 R      950
     EURM060  C2014 07 10.18634 21 00 14.70 -13 06 32.1          20.8 R      950
     EURM060  C2014 07 10.18828 21 00 14.63 -13 06 32.6          21.1 R      950
     EURM060  C2014 07 10.19020 21 00 14.54 -13 06 33.0          20.8 R      950

     EURM061  C2014 07 10.18057 20 59 49.24 -13 08 37.2          21.8 R      950
     EURM061  C2014 07 10.18250 20 59 49.22 -13 08 37.5          22.1 R      950
     EURM061  C2014 07 10.18442 20 59 49.15 -13 08 36.0          22.1 R      950
     EURM061  C2014 07 10.18634 20 59 49.03 -13 08 37.2          21.8 R      950
     EURM061  C2014 07 10.18828 20 59 48.94 -13 08 37.0          22.1 R      950
     EURM061  C2014 07 10.19020 20 59 48.86 -13 08 36.7          21.8 R      950

     EURM062  C2014 07 10.18057 20 59 39.71 -13 12 10.2          21.4 R      950
     EURM062  C2014 07 10.18250 20 59 39.61 -13 12 10.6          21.8 R      950
     EURM062  C2014 07 10.18442 20 59 39.54 -13 12 11.2          21.7 R      950
     EURM062  C2014 07 10.18634 20 59 39.51 -13 12 11.7          21.4 R      950
     EURM062  C2014 07 10.18828 20 59 39.43 -13 12 12.2          21.6 R      950
     EURM062  C2014 07 10.19020 20 59 39.33 -13 12 12.6          21.8 R      950

     EURM063  C2014 07 10.18057 20 59 15.48 -13 13 25.5          20.2 R      950
     EURM063  C2014 07 10.18250 20 59 15.39 -13 13 25.6          20.2 R      950
     EURM063  C2014 07 10.18442 20 59 15.31 -13 13 25.5          20.0 R      950
     EURM063  C2014 07 10.18634 20 59 15.24 -13 13 25.6          20.2 R      950
     EURM063  C2014 07 10.18828 20 59 15.16 -13 13 25.5          20.3 R      950
     EURM063  C2014 07 10.19020 20 59 15.07 -13 13 25.5          19.9 R      950

     EURM064  C2014 07 10.18057 20 59 24.15 -13 05 47.0          21.3 R      950
     EURM064  C2014 07 10.18250 20 59 24.07 -13 05 47.6          21.1 R      950
     EURM064  C2014 07 10.18442 20 59 24.00 -13 05 48.0          21.2 R      950
     EURM064  C2014 07 10.18634 20 59 23.94 -13 05 48.7          21.1 R      950
     EURM064  C2014 07 10.18828 20 59 23.87 -13 05 49.4          20.8 R      950
     EURM064  C2014 07 10.19020 20 59 23.78 -13 05 50.0          20.9 R      950

     EURM065  C2014 07 10.18057 20 59 06.13 -13 07 47.2          20.9 R      950
     EURM065  C2014 07 10.18250 20 59 06.08 -13 07 48.3          20.8 R      950
     EURM065  C2014 07 10.18442 20 59 06.01 -13 07 49.5          21.3 R      950
     EURM065  C2014 07 10.18634 20 59 05.95 -13 07 50.6          20.8 R      950
     EURM065  C2014 07 10.18828 20 59 05.89 -13 07 51.4          21.6 R      950
     EURM065  C2014 07 10.19020 20 59 05.82 -13 07 52.7          21.2 R      950

     EURM066  C2014 07 10.18442 20 58 59.02 -13 08 48.6          21.8 R      950
     EURM066  C2014 07 10.18634 20 58 58.94 -13 08 49.0          21.7 R      950
     EURM066  C2014 07 10.18828 20 58 58.87 -13 08 49.7          21.8 R      950
     EURM066  C2014 07 10.19020 20 58 58.80 -13 08 49.8          22.1 R      950

     EURM067  C2014 07 10.18057 20 58 49.32 -13 11 06.9          21.0 R      950
     EURM067  C2014 07 10.18250 20 58 49.21 -13 11 06.6          20.9 R      950
     EURM067  C2014 07 10.18442 20 58 49.12 -13 11 06.8          21.1 R      950
     EURM067  C2014 07 10.18634 20 58 49.03 -13 11 06.8          21.5 R      950
     EURM067  C2014 07 10.18828 20 58 48.92 -13 11 06.6          21.2 R      950
     EURM067  C2014 07 10.19020 20 58 48.82 -13 11 06.6          21.5 R      950

     EURM068  C2014 07 10.18057 20 59 55.04 -12 52 34.1          20.8 R      950
     EURM068  C2014 07 10.18250 20 59 54.95 -12 52 33.8          21.0 R      950
     EURM068  C2014 07 10.18442 20 59 54.84 -12 52 33.9          21.2 R      950
     EURM068  C2014 07 10.18634 20 59 54.77 -12 52 33.8          21.1 R      950
     EURM068  C2014 07 10.18828 20 59 54.69 -12 52 33.5          21.4 R      950
     EURM068  C2014 07 10.19020 20 59 54.58 -12 52 33.4          21.1 R      950

     EURM069  C2014 07 10.18057 21 00 05.46 -12 57 30.8          21.3 R      950
     EURM069  C2014 07 10.18442 21 00 05.35 -12 57 31.5          21.6 R      950
     EURM069  C2014 07 10.18634 21 00 05.31 -12 57 31.9          21.3 R      950
     EURM069  C2014 07 10.18828 21 00 05.24 -12 57 32.0          21.7 R      950
     EURM069  C2014 07 10.19020 21 00 05.19 -12 57 32.6          21.7 R      950

     EURM070  C2014 07 10.18057 20 59 31.51 -12 58 37.0          20.7 R      950
     EURM070  C2014 07 10.18250 20 59 31.45 -12 58 37.3          20.1 R      950
     EURM070  C2014 07 10.18442 20 59 31.41 -12 58 37.6          20.7 R      950
     EURM070  C2014 07 10.18634 20 59 31.36 -12 58 37.8          20.3 R      950
     EURM070  C2014 07 10.18828 20 59 31.30 -12 58 38.0          20.8 R      950
     EURM070  C2014 07 10.19020 20 59 31.24 -12 58 38.3          20.5 R      950

     EURM071  C2014 07 10.18250 20 59 30.88 -12 55 37.2          21.2 R      950
     EURM071  C2014 07 10.18442 20 59 30.81 -12 55 37.7          21.8 R      950
     EURM071  C2014 07 10.18634 20 59 30.77 -12 55 38.3          21.5 R      950
     EURM071  C2014 07 10.18828 20 59 30.70 -12 55 39.0          21.5 R      950
     EURM071  C2014 07 10.19020 20 59 30.63 -12 55 39.7          21.7 R      950

     EURM072  C2014 07 10.18057 20 59 03.21 -12 52 36.3          20.9 R      950
     EURM072  C2014 07 10.18250 20 59 03.14 -12 52 36.7          21.5 R      950
     EURM072  C2014 07 10.18442 20 59 03.07 -12 52 37.2          21.1 R      950
     EURM072  C2014 07 10.18634 20 59 03.02 -12 52 37.9          21.5 R      950
     EURM072  C2014 07 10.18828 20 59 02.95 -12 52 38.5          21.4 R      950
     EURM072  C2014 07 10.19020 20 59 02.87 -12 52 39.0          21.1 R      950

